"H2-HE-DSTAU 2021 400 GeV "
(* All latice quads treated as triplet, except Q9 & Q10. * )
(* Reason: Earth difference and momentum recombination * )
(* See Master lattice file in case of questions ....NC-2017 )
(* Acceptance triplet FFD - High Momenta * )
(* QNL021511 and QNL021524 in the correct position - BEATCH h2-2017a *)
(* Designed for 300 GeV/c *)
(* 22/08/2018 : DsTau *)
(* 14/03/2020 : Revisiting for DsTAU parallel beam *)
0     
15.0  1.0 "MM"  ;
15.0  9.0 "KG" 1.3333333333333333333333 ;        
13.0 18.0 ; 
13.0 19.0 ; 
1.0  1.0  1.0   1.0  0.5   0.0  1.0  400.0 ;
   3.0  0.000  "T2"  ;
  13.1 ;
   3.0  1.101  ;    
   3.0  0.249  ;    
   2.0  0.000  ;  4.0 3.600 15.566  "B3T2" ;  2.0  0.320856  ;
   3.0  0.600 ;       
   2.0  -0.320856  ; 4.0 3.600  15.566  "B3T2" ; 2.0  0.641712  ;       
   3.0 12.267  ;   
   3.0  0.583  ;    
   3.0  1.615  "TAX"  ;      
   3.0  0.010  ;     
   3.0  1.615  "TAX"  ;     
   3.0  0.035  ;  
   3.0  0.100  "XCIO"  ;      
   3.0  0.030  ;   
   3.0  0.245  ;  
   2.0  -0.149  ;  4.0  3.200  8.756  "B1"  ; 2.0  0.309  ;       
   3.0  0.35  ;   
   3.0  3.200 "B11" ; 
   3.0  3.825 ;   
   5.00 2.990 +6.65559 40.0  "Q2"  ; 
   3.0  0.735 ;   
   5.00 3.000 +6.49443 50.0  "Q1"  ;
   3.0  1.695 ;
   3.0  1.000 "C1" ;
   3.0  0.285 ;
   3.0  1.000 "C2" ;
   3.0  0.295 ;   
   5.00 2.990 -7.97974  40.0  "Q3"  ;        
   3.0  0.550 ;  
 ( NC: 30.Mar.17: used to be 13.690KG ==>correct angle IE DEC08 )
   20.0 -90.0 ; 2.0 0.196 ; 4.00 5.000 13.68151 "B2" ; 2.0 0.196 ; 20.0 90.0 ;   
   3.0  0.66 ;    
   20.0 -90.0 ; 2.0 0.196 ; 4.00 5.000 13.68151 "B2" ; 2.0 0.196 ;  20.0 90.0 ;
   3.0  0.66 ;    
   20.0 -90.0 ; 2.0 0.196 ; 4.00 5.000 13.68151 "B2" ; 2.0 0.196 ;  20.0 90.0 ;
   3.0  0.405  ;  
   3.0  0.500 "C3" ;
  -10.0 -1. 2. 0. 0.00001 "INIT" ;
  -10.0 -4. 4. 0. 0.00001 "INIT" ;
   3.0  0.500 "C4" ;
   3.0  0.405  ;  
  20.0 -90.0 ; 2.0  0.196 ; 4.00 5.0 13.68151 "B3" ; 2.0 0.196 ; 20.0 90.0 ;
   3.0  0.660 ; 
  20.0 -90.0 ; 2.0 0.196 ; 4.00 5.0  13.68151 "B3" ; 2.0 0.196 ;  20.0 90.0 ;
   3.0  0.66 ;    
  20.0 -90.0 ; 2.0 0.196 ;  4.00 5.0 13.68151 "B3" ; 2.0 0.196 ; 20.0 90.0 ;
   3.0  0.55 ;    
   5.00  2.99  -6.09631  40.0  "Q4"  ;        
   3.0  8.358 ;   
   5.00  2.99  +8.05429  40.0  "Q5"  ;
   3.0 9.786 ;
   3.0 0.320 "VXSV" ;
   3.0 20.255 ;
   3.0 0.100 ;
   3.0 0.181 ;
   3.0 0.060 "XWCA" ;
   3.0 0.100 "XSCI" ;
   3.0 0.300 ;
   3.0 0.100 "XCON" ;
   3.0 0.155 ;
   3.0 0.100 ;
   3.0 0.075 ;
   3.0 0.5  "C5"  ;       
   3.0 0.5  "C6"  ;       
   3.0  0.346  ;  
   5.00  2.948 -6.87735  50.0  "Q6"  ;
   3.0   0.451  ;  
   20.0  -90.0  ; 18.0  0.74  0.0    60.0    "6P1"  ; 20.0  90.0  ;      
   3.0  0.392  ;  
   3.0  0.4  "TR1"  ;      
   3.0  0.37  ;   
   3.0  0.4  "TR2"  ;      
   3.0  30.065  ;    
   5.00 2.99  +8.05429 40.0  "Q7"  ; 
   3.0  8.358  ;  
   5.00  2.99 -6.09631 40.0  "Q8"  ;        
   3.0  0.295 ;  
   3.0  1.0  "C7"  ;       
   3.0  15.98 ;
   3.0  0.500  "C8"  ;       
   3.0  0.500 "C9"  ;       
   3.0  0.1075 ;
   3.0  0.2025  ;   
   3.0  0.4  "TR3"  ;      
   3.0  15.270  ;  
   3.0  1.0  "C10"  ;       
   3.0  0.295  ;  
   5.00  2.99  -6.09631  40.0  "Q8"  ;        
   3.0  8.358 ;   
   5.00  2.99  +8.05429  40.0  "Q7"  ;
   3.0  31.385 ;  
   3.0  0.100   ;   
   3.0  0.100  "XSCI" ;       
   3.0  0.200 ;
   3.0  0.100 "XCON"  ;
   3.0  0.100 ;   
   3.0  0.070 ; 
   3.0  0.276  "F1" ;  
   3.0  0.276  "F2" ;  
   3.0  0.271  ;  
   5.00 2.948 -6.87735  50.0  "Q6"  ;       
   3.0  0.346 ; 
   3.0  0.276 ; 
   3.0  32.196  ; 
   5.00 2.990 +8.04759 40.0  "Q9"  ;
   3.0  8.358 ;
   5.00 2.99 -6.08776  40.0  "Q10" ;
   3.0  0.550 ;
   20.0 -90.0 ; 2.0 -0.196 ; 4.00 5.0 -13.70557 "B4" ; 2.0 -0.196 ; 20.0 90.0 ;      
   3.0  0.66 ;    
   20.0 -90.0 ; 2.0 -0.196 ; 4.00 5.0 -13.70557 "B4" ; 2.0 -0.196 ; 20.0 90.0 ;      
   3.0  0.66 ;    
   20.0 -90.0 ;  2.0 -0.196 ; 4.00 5.0 -13.70557 "B4" ; 2.0 -0.196 ; 20.0 90.0 ;      
   3.0  0.330  ;   
   3.0  0.276  "F5"  ;     
   3.0  0.276  "F6"  ;     
   3.0  0.928  ;  
   20.0 -90.0 ; 2.0 -0.196 ; 4.00 5.0 -13.70557 "B5" ;  2.0 -0.196 ; 20.0 90.0 ;       
   3.0  0.66 ;    
   20.0 -90.0 ; 2.0 -0.196 ; 4.00 5.0 -13.70557 "B5" ;  2.0 -0.196 ; 20.0 90.0 ;       
   3.0  0.66 ;    
   20.0 -90.0 ; 2.0 -0.196 ; 4.00 5.0 -13.70557 "B5" ;  2.0 -0.196 ; 20.0 90.0 ;       
   3.0  0.550 ;
   -10.0 -3.0 6.0 0.0 0.0001 "ZDV" ;
   -10.0 -4.0 6.0 0.0 0.0001 "ZDV" ;
   5.00 2.99  -6.08776  40.0  "Q10"  ;
   3.0  8.358 ;   
   5.00  2.99  +8.04759  40.0  "Q9"  ;
   3.0  19.277 ;  
   3.0  0.060  "MW3"  ;     
   3.0  0.060 ;
   3.0  0.000  "MW4"  ;      
   3.0  0.100  "XCSI"  ;      
   3.0  0.250  ;   
   3.0  0.100 "XCON" ;
   3.0  0.030 ;
   3.0  6.190  ; 
   3.0  5.000 "XEMC" ;
   3.0  0.405 ;
   3.0  0.5  "C11" ;        
   3.0  0.5  "C12" ;        
   3.0  0.355  ;  
   5.00 2.99 -2.98117 40.0  "Q11"  ;       
   3.0  0.455  ;  
   3.0  0.400  "TR4"  ;      
   3.0  0.465  ;
   2.0  0.172  ;  4.00  5.0  12.008  "B6"  ; 2.0  0.172  ;       
  -10.0 -1.0 6.0 0.0 0.00001 "ZHD2" ;
  -10.0 -2.0 6.0 -0.0 0.0001 "ZHD" ;
   3.0  6.065  ;  
   3.0 14.620 ;
   3.0  1.000  "C13"  ;      
   3.0  9.545  ; 
   3.0  1.000  "TR9"  ;      
   3.0  1.995  ;  
   3.0  1.000  "TR9"  ;      
   3.0  2.630  ;   
   5.00 2.990  +3.77945  40.0  "Q13"  ;       
   3.0  6.780 ;    
   5.00 2.948  -5.80752  50.0  "Q14"  ;      
   3.0  0.271  ;  
   3.0  0.276  "F7"  ;     
  -10.0  -2.0 2.0 0.0 0.0001 "CED" ;       
  -10.0  -4.0 4.0 0.0 0.0001 "CED" ;
   3.0  0.276  "F8"  ;     
   3.0  0.070  ;   
   3.0  0.070  ;   
   3.0  0.060  "XCED-CH";     
   3.0  0.100  ;      
   3.0  0.100  ;       
   3.0  0.257  ;  
   3.0  6.317  ;    
   3.0  0.300  ;    
   3.0  0.100  ;       
   3.0  0.200  ;  
   3.0  0.100  ;      
   3.0  0.130  ;   
   3.0  0.070  ;   
   3.0  0.276  "FSC9"  ;     
   3.0  0.276  "FC10" ;     
   3.0  0.271  ;  
   5.01  2.948 -4.00  50.0  "Q15"  ;
   3.0  6.780 ;
   5.01  2.99  +3.0  40.0  "Q16"  ;       
   3.0  6.570  ;   
   5.00  2.99  +0.0  40.0  "Q17"  ;       
   3.0  0.455  ;  
   3.0  0.400  "TR5"  ;      
   3.0  0.370  ;   
   3.0  0.400  "TR6"  ;     
   3.0  0.235  ;
   3.0  7.730  ;
   3.0  0.220  ;
   5.00 2.990  +0.0 40.0  "Q18" ;
   3.0  0.220  ;
   3.0  1.150  ;
   3.0  0.130 "VAC" ;
   3.0  0.258 "VTS1" ;
   3.0  0.084 "BPD1" ;
   3.0  0.130 "VAC" ;
   3.0  2.676 ;
   3.0  2.246 ;
   5.01 2.990 -5.0 40.0 "Q19" ;
   3.0  0.130 ;
   3.0  6.254 ;
   3.0  0.532 "XCET" ;
   5.00 2.990 +0.0 40.0 "Q20" ;
   3.0  3.494 ;
   3.0  0.103 "BPD2" ;
   3.0  0.030 ;
   3.0  0.060 "XDWC" ;
   3.0  0.100  ;
 -10.0  -1.0 2.0 0.0 0.0001 "FBP1" ;
 -10.0  -3.0 4.0 0.0 0.0001 "FBP1" ;
   3.0  0.250 "VTS2" ;
   3.0  0.260 "VTV0" ;
   3.0  0.030 ;
   3.0  0.140 ;
   3.0  0.100  "TRIG7" ;
   3.0  0.140  ;
   3.0  0.060  "XDWC" ;
   3.0  0.100  ;
   3.0  0.030 ;
   3.0  0.100 "BVAC" ;
   3.0  6.640 ;
   3.0  0.130 "EVAC" ;
   3.0  0.225 ;
   3.0  0.000 "TARG" ;
   3.0  0.800  ;
   3.0  3.600 "MVT1" ; -4.0  3.6  .00000  "NA49"  ;
   3.0  0.200  ;
   3.0  3.600 "MVT2" ;
   3.0  7.000 "MTPC" ;
   3.0  1.612  ;
   3.0  0.100 ;
   3.0 12.068 ;
   3.0  1.000 ;
   3.0  0.970 ;
   3.0  1.000 ;
   3.0  0.385 ;
   3.0  0.400 "TR7" ;
   3.0  0.370 ;
   3.0  0.400 "TR8" ;
   3.0  0.235 ;
   3.0  0.100 ;
   3.0  0.900 ;
   3.0  3.220 "XDTV" ;
   3.0  0.977 ;
   3.0  0.060 "XD56" ;
   3.0  0.100 ;
   3.0  2.482 ;
   3.0  0.060 "XD78" ;
   3.0  0.100 ;
   3.0  0.245 ;
   3.0  0.060 "X910" ;
   3.0  0.100 ;
   3.0  1.820 ;
   3.0  0.060  "1011" ;
   3.0  0.100  ;
   3.0  2.980  ;
  10.0 -2.0 2.0 0.0 0.0001 "FEND" ;
   3.0  8.000  "H2A" ;
   3.0  5.140  ;
   3.0  0.060  "M910" ;
   3.0  0.100  ;
   3.0  4.500  ;
   4.0  3.600  0.0000 "MEHS" ;
   3.0  8.208 ;
   3.0  3.2  "DUMP" ;
   -10.0 -2.0 1.0 0.0 0.001 "FEND" ;
   10.0 -4.0 4.0 -0.0 0.001 "FEND" ;
   3.0 1.000 ;
   3.0 12.804 ;
   3.0 0.100 ;                 
   3.0 0.030 ;
   3.0 0.130 ; 
   3.0 0.670 ; 
   3.0 0.441 ; 
   3.0 0.060 "XDWC" ; 
   3.0 0.100 "XSCI" ; 
   3.0 0.130 ; 
   3.0 0.200 ; 
   3.0 0.300 ; 
   3.0 0.000 "TVLE" ; 
   3.0 0.000  "END" ; 
13.0 41.0 "PRIN" ;
SENTINEL 
SENTINEL
